1 0.05556064418231499
2 0.08782604041854747
3 0.05557181485469764
4 0.28786778266710233
5 0.45410743315743196
6 0.07422962264245159
7 0.5695035325839398
8 0.43168213775064557
9 0.11180106098379461
10 0.6811761933263751
11 0.44090785948757205
12 0.4389744124723626
13 0.7011183601273329
14 0.9433435400909584
15 0.15629430693322077
16 0.4234516826039968
17 0.022935546463520695
18 0.3779863748303952
19 0.4105263558164327
20 0.542981219920705
21 0.30689787245149447
22 0.9034197858788211
23 0.7364528224850748
24 0.5182986783312488
25 0.8006767861892732
26 0.5292254700110883
27 0.5360503458168152
28 0.2410496685027973
29 0.8100604667890879
30 0.8320236260763121
31 0.9081030665642225
32 0.810647531501593
33 0.21727096127757584
34 0.5760355152661756
35 0.8731360944798257
36 0.04588205898495934
37 0.6145895408531695
38 0.8439784840894662
39 0.35147057112533076
40 0.7082123922942671
41 0.054638787917074105
42 0.5434733633839739
43 0.6970139869843673
44 0.02091232461704895
45 0.5001967507304995
46 0.5500396029488418
47 0.16261001762662874
48 0.6565055463233025
49 0.14182993568239555
50 0.5641242367485879
51 0.19476697000926246
52 0.14265906150498864
53 0.6335815652259708
54 0.3934576246261896
55 0.23223296768749313
56 0.5507137955783437
57 0.1917917597778741
58 0.21969932544202075
59 0.08103989422085434
60 0.8940339394477426
61 0.015261914586136016
62 0.5732484379082845
63 0.36491674679554065
64 0.9031732653107876
65 0.882875886178855
66 0.7328682348817954
67 0.6969381925726962
68 0.5421945542642561
69 0.7188932598787704
70 0.7863414105055525
71 0.6232023673348269
72 0.879028566942368
73 0.9206049032205887
74 0.9633342726217421
75 0.2164425217193645
76 0.677436527370231
77 0.09147773026028283
78 0.7839819977694351
79 0.8955519618027896
80 0.738621637382599
81 0.5168597334120849
82 0.8890866032764048
83 0.029698480991469656
84 0.4897104542289554
85 0.6667360224653905
86 0.7848542965409667
87 0.9066347531679289
88 0.9882358163514101
89 0.579355293168572
90 0.5798079086674622
91 0.3957648760603272
92 0.6264507681924484
93 0.17177759988853003
94 0.7658524649952066
95 0.9325381399184369
96 0.5167637186288138
97 0.6123269245119982
98 0.8025963913812703
99 0.9439079452522294
100 0.031265054724366026
101 0.7085925142214237
102 0.48176645070220203
103 0.30026786860053634
104 0.5253948200372698
105 0.22788021506534506
106 0.2747934850552778
107 0.46507797859077593
108 0.7957318811764601
109 0.48215619550789734
110 0.2725717212740678
111 0.3607369234814002
112 0.03383454401611308
113 0.17402921761420664
114 0.7236986290904271
115 0.8682281802440658
116 0.6172809176314599
117 0.9804016523520062
118 0.31370848776722016
119 0.6710334205528773
120 0.6213123844570212
121 0.236624437143651
122 0.24166389472559424
123 0.07590006774750158
124 0.9570638867468327
125 0.17410524533442673
126 0.28720725878138464
127 0.3370633366371001
128 0.8847431026071648
129 0.515793091789494
130 0.8169993169972259
131 0.26648630114478067
132 0.807499490847083
133 0.9843227070784865
134 0.2936694490273266
135 0.14221710113114194
136 0.30854781468489334
137 0.8865157609524912
138 0.12398684793984316
139 0.5445555165658508
140 0.5408071184796582
141 0.5908891350664838
142 0.5159325822048988
143 0.48347200336467877
144 0.3599481163019703
145 0.2236218167375188
146 0.3599600186212897
147 0.5068803611837058
148 0.3073460357014205
149 0.35102601108205556
150 0.6641733047576049
151 0.15986586922829316
152 0.8577176958627565
153 0.008084369964150295
154 0.8134063419126983
155 0.3382138170728063
156 0.7319161955460587
157 0.01793464015570667
158 0.7581466521216598
159 0.07336114702304886
160 0.5836734096690459
161 0.008144057806028893
162 0.29614680899871204
163 0.9645518724773503
164 0.859482071980295
165 0.5183586049369536
166 0.22182763445019404
167 0.9069981052993177
168 0.22514340263987076
169 0.9160905989554834
170 0.7471870628000088
171 0.2998289026652219
172 0.41927609564157997
173 0.8272893020731341
174 0.47301266864412883
175 0.564814667619595
176 0.37797872513168695
177 0.799926429112438
178 0.7608502507237332
179 0.5774230106152133
180 0.5764201873915811
181 0.4377105010125756
182 0.9318419295279267
183 0.9303390811451584
184 0.5949848757389585
185 0.46173765474513595
186 0.025505658055093416
187 0.09246169310009311
188 0.11621178194315718
189 0.9013762866042615
190 0.11143867169947741
191 0.9727182571386626
192 0.30258641581487067
193 0.6819262426466401
194 0.3695394781078424
195 0.6534235542353132
196 0.15121614168942332
197 0.9711450514813479
198 0.6056834486026483
199 0.35665008681044486
200 0.4192001564222212
201 0.8968398060592283
202 0.16596677374314905
203 0.07644777560874016
204 0.37682884631944247
205 0.7588808098059703
206 0.5542518615438179
207 0.269525592897079
208 0.26717919319589023
209 0.467739270861691
210 0.5560127483799195
211 0.5972009058290505
212 0.5895302656892243
213 0.023985503057905366
214 0.8817660965860543
215 0.8331488698169334
216 0.7016374296679999
217 0.3278271521727705
218 0.8294280338454301
219 0.1077028579222491
220 0.2696840957647022
221 0.7521749842792685
222 0.3524775102039791
223 0.9210891237106945
224 0.710327615782899
225 0.8277402417300398
226 0.8127393964477314
227 0.5298082123404875
228 0.23220284246690615
229 0.08368044769882543
230 0.5030817968875321
231 0.6555623843816767
232 0.5984559640018972
233 0.7366696534558025
234 0.49891214219832014
235 0.9995206861700728
236 0.526900518726496
237 0.9021854377062646
238 0.094855429513648
239 0.7683404412878198
240 0.8965787089056352
241 0.6576558247465909
242 0.2099258052181724
243 0.8991209195466995
244 0.6904859085151599
245 0.0065083635080651625
246 0.18515301590535738
247 0.09740970832965945
248 0.2006818193890022
249 0.27468461426744206
250 0.10189947111291642
251 0.13047919163686417
252 0.26958958152263424
253 0.34171264188684325
254 0.8326588148104713
255 0.9529785616719708
256 0.4330291758746144
257 0.51105346574832
258 0.1499090169821271
259 0.3823065762675234
260 0.7321215652397928
261 0.8289932947145887
262 0.42359565756239426
263 0.7265198494919477
264 0.7124816244849019
265 0.31720632571205787
266 0.7431128330384399
267 0.2831290088810131
268 0.09282954077351213
269 0.988194488253771
270 0.6450106583622084
271 0.28698802091821585
272 0.5671950265271185
273 0.507870593240588
274 0.4833226629301899
275 0.9276559481966888
276 0.1294198958985885
277 0.7554937545445074
278 0.30777133474995144
279 0.44488080679299347
280 0.7341958075196188
281 0.4427808503677716
282 0.3647894665410675
283 0.6809921352026578
284 0.2748468653739433
285 0.9446107820513159
286 0.5558922230069328
287 0.2700911227596333
288 0.7230817121574226
289 0.67080892469497
290 0.7286397643579824
291 0.848682634024512
292 0.3243011245825208
293 0.6785980991157907
294 0.06273151110704533
295 0.07663359956340698
296 0.8172403368406881
297 0.4424678280409544
298 0.6783998341857853
299 0.5412287801970547
300 0.6684634164820177
301 0.5173145288726909
302 0.7282823677010404
303 0.6318482387715411
304 0.24757033056271394
305 0.150348033400873
306 0.746075721228549
307 0.203157456965687
308 0.7191071410663656
309 0.5220281261612508
310 0.6817269445094091
311 0.10017171248349865
312 0.6800535803284349
313 0.9977496385367985
314 0.5087884534321802
315 0.6786384231653192
316 0.23582694340851929
317 0.5857900254905483
318 0.9206045588283533
319 0.5540455818374623
320 0.12241245717298277
321 0.59983458728928
322 0.6440045161219407
323 0.905510446076664
324 0.8575475133825223
325 0.5761716483809637
326 0.7831637643396441
327 0.607067343017259
328 0.9030997287202303
329 0.5353407861510682
330 0.46548121112289365
331 0.9908016009811375
332 0.6671996291693033
333 0.36660302770234443
334 0.683176342326068
335 0.9746234501252594
336 0.0018359112916425113
337 0.024050513509445315
338 0.752874239312943
339 0.13315650234295118
340 0.03197959486685997
341 0.992702231289617
342 0.9354423715348985
343 0.024498212942844044
344 0.8876692615312435
345 0.8027089882143809
346 0.6943723814169752
347 0.22685880313319096
348 0.0028330803009714023
349 0.8353577132018949
350 0.5720665306100662
351 0.4716989873540667
352 0.4689545427053271
353 0.12205197249551392
354 0.8459922392252341
355 0.019226520286422133
356 0.1467627206142984
357 0.913560698264962
358 0.8107204091940385
359 0.38477804200442933
360 0.936733007786041
361 0.015574507535360382
362 0.03825689460880222
363 0.8978107385669891
364 0.19158157943365228
365 0.07814003466046848
366 0.46288113987933666
367 0.19346968380496965
368 0.3304683469936268
369 0.6779266512772534
370 0.960751925228464
371 0.29242738623528863
372 0.754522093267958
373 0.2259809765486459
374 0.2427512319346331
375 0.13421496112217324
376 0.525609549427342
377 0.6359108669684436
378 0.01823823398355151
379 0.5272303389420636
380 0.8311550576864768
381 0.7193707516164586
382 0.0005148250926281239
383 0.8852667579493146
384 0.2896918873128421
385 0.05446663526672846
386 0.48578736939853295
387 0.5918354903224543
388 0.1535895599110484
389 0.8155684368435444
390 0.598933599622087
391 0.4230003675400682
392 0.02702070040540372
393 0.29591501373788276
394 0.9140206343156567
395 0.9278612336846314
396 0.4350761238665505
397 0.5742214839613499
398 0.5678156547085301
399 0.8395291716612657
400 0.09875501577589163
401 0.3328287095738761
402 0.08855976044523972
403 0.02112906461863684
404 0.5111165249986648
405 0.4756715522641397
406 0.3214971165075273
407 0.15065971173169346
408 0.9855605409456848
409 0.9364869073517904
410 0.9246058967757788
411 0.06434859256624215
412 0.5837415752546571
413 0.8673806774923407
414 0.5084151893955545
415 0.8826650371271152
416 0.11203537065380176
417 0.9969320250514458
418 0.2691980747809225
419 0.6317584456748152
420 0.6241246280658662
421 0.5630720622750314
422 0.06441022001115504
423 0.8452277435943144
424 0.1606053050793076
425 0.8084750041207361
426 0.9719851443910903
427 0.3457886568585542
428 0.9010361947763624
429 0.6080252646401118
430 0.6938892565300218
431 0.8904165269650626
432 0.4076993669603689
433 0.3331551168168564
434 0.14002641417604622
435 0.510341793215575
436 0.8279129003438638
437 0.987549752668194
438 0.10456120782388922
439 0.7831990050925662
440 0.26607945588088466
441 0.6394457228963056
442 0.7397427162944261
443 0.0927868808815644
444 0.42044261145069073
445 0.8377106839161582
446 0.8681189096961726
447 0.7028110131885857
448 0.7896581218940956
449 0.29270730206122797
450 0.7921043341523734
451 0.9484293488357886
452 0.48304629219701656
453 0.20762723799267446
454 0.32611135846148365
455 0.5830585617679899
456 0.9712831585696425
457 0.49478267793485897
458 0.9084686276961818
459 0.6554539664732789
460 0.3621670303932989
461 0.5970329662518676
462 0.5320497002188226
463 0.5927133163942241
464 0.2418766087611396
465 0.45871953486156225
466 0.360581321701159
467 0.7204167831207242
468 0.2703271667100381
469 0.996467057448881
470 0.26671880324325725
471 0.31355120478725496
472 0.773470151498393
473 0.5291729342328916
474 0.6575758635449281
475 0.09638585701874547
476 0.0067679300701647405
477 0.8075878952227753
478 0.6669935376705758
479 0.1509238550448294
480 0.20065742523606367
481 0.42122912562900705
482 0.26078488095208807
483 0.7005902936044052
484 0.17258573516508957
485 0.3016763751180954
486 0.34724183584631463
487 0.9820286946025562
488 0.41855944757908736
489 0.31185764041837394
490 0.8690269637828544
491 0.3220757863815412
492 0.22261041297033124
493 0.1363547538186347
494 0.397686440805024
495 0.9006696495009098
496 0.46598297339557915
497 0.806102629607972
498 0.5359485094524326
499 0.3225861810995915
500 0.7058831371347615
501 0.37784924055091074
502 0.20601452614530702
503 0.4550369541134024
504 0.749542458221688
505 0.9142678651955845
506 0.9999873930919532
507 0.32560498124583537
508 0.25652153276691125
509 0.9781526702210787
510 0.8009835119372745
511 0.49071063236084567
512 0.0347302515580058
513 0.2951329616830086
514 0.8762253496677834
515 0.17236704390597324
516 0.879869219147053
517 0.08701414459574286
518 0.45130770653616425
519 0.46629671147972784
520 0.22341503709731414
521 0.1969940941449726
522 0.02717674427190364
523 0.3040867149468094
524 0.207998748672253
525 0.6047325155434988
526 0.9896875907000419
527 0.7848688560659295
528 0.4333100188407163
529 0.4568282830160566
530 0.6956446677466045
531 0.5104385203209886
532 0.22871816122011146
533 0.9791312371383057
534 0.02999541443988385
535 0.9312572834007931
536 0.7694585249095564
537 0.004080659156393107
538 0.36887272002883464
539 0.252096425702387
540 0.031470905561484463
541 0.5550103421555908
542 0.9039041250772702
543 0.9091782328561474
544 0.49477382528440683
545 0.7910938633718706
546 0.7352848649882906
547 0.7000398816905445
548 0.8260133741242598
549 0.7646514668266577
550 0.2577067659533424
551 0.883633996088952
552 0.9757749218242886
553 0.3771554571598775
554 0.8051458541037846
555 0.426473777130997
556 0.010194434665622087
557 0.023547818017122357
558 0.8192602166025968
559 0.6372200684283943
560 0.19927845066630923
561 0.8368425426391105
562 0.5042033237178635
563 0.5679882130744119
564 0.5180504020147731
565 0.8128011365369014
566 0.0814407044059191
567 0.5315008648525429
568 0.3677560404397128
569 0.3999791485867832
570 0.8364070188801379
571 0.08931917269306189
572 0.997118916734475
573 0.8010541645291664
574 0.8204904174746551
575 0.33392133982514693
576 0.30337066430836834
577 0.2640196086593437
578 0.07463209072521637
579 0.8821492724869995
580 0.03771138472113977
581 0.9200272592902827
582 0.8045723068042137
583 0.035994357166827196
584 0.5345071148161686
585 0.5295798148677424
586 0.6713488394716486
587 0.20701604364322757
588 0.8636842030018701
589 0.20119823336267217
590 0.3642461377582653
591 0.8247131449220981
592 0.005757331816031552
593 0.3626093157635337
594 0.7385885646199499
595 0.44819326654667424
596 0.4973215142157057
597 0.7666184463140824
598 0.40859907918662175
599 0.8375222563342936
600 0.6128126287091046
601 0.9169445358782501
602 0.28244559742782205
603 0.7728927305798771
604 0.652520835215766
605 0.9307866974162974
606 0.8683914772428799
607 0.4243329667527579
608 0.05560282839981323
609 0.7692573045370538
610 0.5318744906284818
611 0.045966623709826626
612 0.9220777644782723
613 0.2244164442868457
614 0.8487408885397225
615 0.47644574718215715
616 0.17202446323540266
617 0.008029907255421853
618 0.3664473689772402
619 0.5494518152357633
620 0.6510518392391836
621 0.004831717187018136
622 0.021670728219473467
623 0.3894238060884604
624 0.9915036466899604
625 0.08911588068444554
626 0.1023205956395824
627 0.9437413555308714
628 0.5433042736610998
629 0.6935244798006611
630 0.6682915224542888
631 0.021131081844105393
632 0.8691692080736525
633 0.8890183258111317
634 0.5173073088831927
635 0.7918374647248962
636 0.49425728891871257
637 0.0795817961834796
638 0.10230672543127017
639 0.6605227727206855
640 0.4859736353604134
641 0.02417638817448542
642 0.2982318040486033
643 0.08677280955838962
644 0.9159279086074236
645 0.28965433563220877
646 0.9354474313612199
647 0.32213721491546077
648 0.23614225713883552
649 0.38764101868746703
650 0.3014193535863924
651 0.3816817133450058
652 0.8440152812024442
653 0.6954442078710533
654 0.27855829095781137
655 0.9817036839777172
656 0.36815888496533034
657 0.8374628403723662
658 0.7335422523093428
659 0.8325759278835485
660 0.44541964161719605
661 0.4215117001042027
662 0.276894655103185
663 0.736301797058986
664 0.8404194548312317
665 0.4167023090652472
666 0.4321549739726903
667 0.7604986893926297
668 0.6227765171227664
669 0.5309411629415703
670 0.8024520089389251
671 0.34814239889984655
672 0.6004798525870401
673 0.19640714224741795
674 0.8657872276551916
675 0.6220443638206606
676 0.11842862777967822
677 0.10979471285656417
678 0.7776216576376095
679 0.5937716791557986
680 0.4748422688301057
681 0.31142957014707484
682 0.194395873116174
683 0.6525269626509841
684 0.7068119587250067
685 0.4197122960455999
686 0.3887694036092938
687 0.6769301360182086
688 0.013180351125008039
689 0.4346277907537279
690 0.23920965584586884
691 0.4975691458137792
692 0.2212059439313947
693 0.05974949763266424
694 0.1467831629544073
695 0.4004268691890641
696 0.9761057522575486
697 0.4732498299821417
698 0.03924647549044724
699 0.4692970624662961
700 0.060094621044323615
701 0.9886687213523363
702 0.020085736730167558
703 0.8105382012732748
704 0.3321547637447976
705 0.6875045616463631
706 0.6830036217313203
707 0.2740383767528729
708 0.47036671711745015
709 0.04862784189833069
710 0.6284663478901287
711 0.36863384403502
712 0.9399897557504152
713 0.44713262502637885
714 0.9833911228013302
715 0.4178457051934824
716 0.6278104546304746
717 0.8080747300219115
718 0.9162651063884061
719 0.40546209228516594
720 0.48916479715229266
721 0.9655511876476452
722 0.8193927339020238
723 0.5316645205402089
724 0.1560859832084438
725 0.32548645700416956
726 0.6153216272284556
727 0.008672947703779577
728 0.955697237072637
729 0.14339819210594096
730 0.46447869912017414
731 0.6826294190344422
732 0.034625039213979525
733 0.5432647899153871
734 0.5406338541270197
735 0.3455231858082408
736 0.9104253135334816
737 0.16920706219671955
738 0.7584267453064995
739 0.11137493607316484
740 0.5924160216630409
741 0.08967144700010421
742 0.06995794062925031
743 0.878731417537624
744 0.45792789911321985
745 0.03331782299177566
746 0.334959895548808
747 0.336317757933696
748 0.6938329542069752
749 0.646436816543169
750 0.028550375322590527
751 0.7435751213259483
752 0.8163044603228514
753 0.5304429014421261
754 0.07012613525069089
755 0.09590457170576716
756 0.14566514846813983
757 0.26796383181075567
758 0.2758657990619293
759 0.5422139592467629
760 0.742549878959434
761 0.6092355956150447
762 0.6037297175040913
763 0.776159882829913
764 0.17269597430703942
765 0.8039449951226527
766 0.9937968591880005
767 0.833471707185838
768 0.2526896742147243
769 0.7140934389750686
770 0.4325962134236411
771 0.047533725393853365
772 0.5257379996282551
773 0.8276273500519864
774 0.5808105356132995
775 0.3329184384402958
776 0.7829913878087611
777 0.058632680153582584
778 0.023745943971926864
779 0.7686549631221908
780 0.5330219925333407
781 0.2716258362565658
782 0.703432329651873
783 0.8894322803721959
784 0.8140392859363916
785 0.8865451158676062
786 0.35266669477687174
787 0.8139651010279049
788 0.953968202067578
789 0.7395026883746785
790 0.27762767757739937
791 0.12754700629692228
792 0.017580601705809884
793 0.9504332541535963
794 0.48712133145990444
795 0.30753584560945424
796 0.08807512508812032
797 0.20181988223798786
798 0.8210696119017405
799 0.8366235156209862
800 0.1388960827250505
801 0.007839995222917895
802 0.10904284310498669
803 0.28911121536004025
804 0.05219990767215965
805 0.19017440980671863
806 0.5645582582501126
807 0.8250387282255895
808 0.9072105614116264
809 0.9493418626801052
810 0.2183238229707264
811 0.029301927107696857
812 0.47459141572047325
813 0.3776774917977762
814 0.812465166430811
815 0.19832714490250847
816 0.24919538880536685
817 0.6553856019969584
818 0.8772891451945476
819 0.6411656270739429
820 0.10618223370289004
821 0.4489597549472014
822 0.1351287914265199
823 0.18187067538872093
824 0.32944426599075194
825 0.958410726588154
826 0.7525598821491224
827 0.6794850077277912
828 0.9301136312879322
829 0.09021527505144955
830 0.8763539978443761
831 0.6804758420453978
832 0.10925433975667431
833 0.27763740608907206
834 0.8984143497792293
835 0.7360922599975531
836 0.6919816407961483
837 0.2785120134957445
838 0.31478450564186666
839 0.8665753373539967
840 0.08553423278561978
841 0.9918460509075477
842 0.2489718808312955
843 0.9259209218265833
844 0.21699944003569172
845 0.8958344974880804
846 0.9261413413656447
847 0.40460561850915633
848 0.26262699401391754
849 0.7719902663029357
850 0.3373929789814375
851 0.5691723720206325
852 0.5145786583888102
853 0.45753568988742466
854 0.32542862185450205
855 0.10053674181240446
856 0.6051156985114159
857 0.5131114038907723
858 0.9569679953591924
859 0.67530637507716
860 0.8179480277436728
861 0.6881754431215589
862 0.9374647221526404
863 0.8184604094528821
864 0.15651970381433644
865 0.038752903708474395
866 0.1197753703512483
867 0.34052855318455244
868 0.40473682817117274
869 0.9456720894358175
870 0.8948624504550906
871 0.056775492934177496
872 0.8240896745463072
873 0.1589966536152898
874 0.293454139101644
875 0.9955577422280479
876 0.40929270782491145
877 0.4797071047288347
878 0.48082621043425755
879 0.145433078640814
880 0.618632766140839
881 0.2654969591569667
882 0.15776682830371613
883 0.7157060005892005
884 0.26320573667775593
885 0.5919277583787832
886 0.14581021010473827
887 0.3053946256643315
888 0.7979968078215619
889 0.045061222938493684
890 0.9663480944502517
891 0.9479118497791469
892 0.8562501687211858
893 0.6267021080716365
894 0.11865970454498631
895 0.4865274047037823
896 0.9085343904530422
897 0.857844538675498
898 0.9455796801899372
899 0.48883988687257185
900 0.3222954076743364
901 0.04553696718999756
902 0.4981479511801471
903 0.48056168153193424
904 0.04749795982349292
905 0.22856787429739212
906 0.9541717425750703
907 0.1888021492017382
908 0.5301046799455765
909 0.9187958752063125
910 0.27698191545419426
911 0.6776284851654129
912 0.3919690478608644
913 0.010085205324071977
914 0.6670315605503667
915 0.23255175077912382
916 0.8917521538052099
917 0.09939974537639706
918 0.37777690132521746
919 0.3880539802992765
920 0.0650375499945467
921 0.4291594375262211
922 0.44880862251447196
923 0.9334658568277925
924 0.036748801931101305
925 0.7449243358283996
926 0.5107465055077561
927 0.8404630544073051
928 0.9623824190476613
929 0.8811694411003015
930 0.7728262534168309
931 0.2295078620925881
932 0.3247375991839856
933 0.40464862273556323
934 0.37147940430633575
935 0.7293547783922073
936 0.1494098164144383
937 0.2200425423058725
938 0.8986950319884733
939 0.47130352003106346
940 0.25036776717681
941 0.6870291681809885
942 0.9110136390792903
943 0.6948118271310947
944 0.7178166226913278
945 0.2302159799089164
946 0.2956004987573937
947 0.9385572556903194
948 0.8694528863311757
949 0.0670818239940486
950 0.3446075136917255
951 0.8800601598110783
952 0.7945128472607156
953 0.3916739973416292
954 0.6535278635980799
955 0.976804980097456
956 0.16277012883395392
957 0.8835770111467233
958 0.8322447275527206
959 0.07526252309600201
960 0.3936173713850075
961 0.04168444744398592
962 0.24971532601841606
963 0.44941198656773196
964 0.14645808325511378
965 0.399367095064591
966 0.874165400583887
967 0.16367539861126268
968 0.8974207107422009
969 0.4397518132478113
970 0.4577096050252202
971 0.01157275518633094
972 0.128804009446863
973 0.2523199001371258
974 0.7026454678417757
975 0.5374077191471265
976 0.05002180371249709
977 0.8685159295658289
978 0.9758632605928282
979 0.4910239923884615
980 0.4116742757101144
981 0.10266550237624594
982 0.21455569750748482
983 0.0611786177133653
984 0.9298224655713827
985 0.9028066715315437
986 0.8533424971510298
987 0.17004809425882883
988 0.35823491312705547
989 0.36614141694847424
990 0.46585567175872644
991 0.014171561483801831
992 0.3351490383031639
993 0.5432860438085098
994 0.540203315151711
995 0.5642153723627076
996 0.042561030767617636
997 0.828470872876047
998 0.2754416783251542
999 0.970440728976809
