0 0.30822231614839884 83
1 0.30822231614839884 70
2 0.30822231614839884 58
3 0.30822231614839884 97
4 0.30822231614839884 40
5 0.30822231614839884 52
6 0.30822231614839884 43
7 0.30822231614839884 54
8 0.30822231614839884 55
9 0.30822231614839884 40
10 0.30822231614839884 42
11 0.30822231614839884 56
12 0.30822231614839884 79
13 0.30822231614839884 75
14 0.30822231614839884 59
15 0.30822231614839884 44
16 0.30822231614839884 45
17 0.30822231614839884 56
18 0.30822231614839884 43
19 0.30822231614839884 63
20 0.30822231614839884 98
21 0.30822231614839884 63
22 0.30822231614839884 68
23 0.30822231614839884 70
24 0.30822231614839884 71
25 0.30822231614839884 71
26 0.30822231614839884 96
27 0.30822231614839884 78
28 0.30822231614839884 72
29 0.30822231614839884 83
30 0.30822231614839884 73
31 0.30822231614839884 76
32 0.30822231614839884 87
33 0.30822231614839884 92
34 0.30822231614839884 62
35 0.30822231614839884 65
36 0.30822231614839884 50
37 0.30822231614839884 56
38 0.30822231614839884 91
39 0.30822231614839884 76
40 0.30822231614839884 84
41 0.30822231614839884 85
42 0.30822231614839884 68
43 0.30822231614839884 94
44 0.30822231614839884 89
45 0.30822231614839884 60
46 0.30822231614839884 62
47 0.30822231614839884 90
48 0.30822231614839884 57
49 0.30822231614839884 74
50 0.30822231614839884 94
51 0.30822231614839884 75
52 0.30822231614839884 68
53 0.30822231614839884 75
54 0.30822231614839884 93
55 0.30822231614839884 50
56 0.30822231614839884 98
57 0.30822231614839884 50
58 0.30822231614839884 57
59 0.30822231614839884 69
60 0.30822231614839884 75
61 0.30822231614839884 73
62 0.30822231614839884 60
63 0.30822231614839884 46
64 0.30822231614839884 69
65 0.30822231614839884 95
66 0.30822231614839884 79
67 0.30822231614839884 49
68 0.30822231614839884 55
69 0.30822231614839884 63
70 0.30822231614839884 69
71 0.30822231614839884 46
72 0.30822231614839884 60
73 0.30822231614839884 75
74 0.30822231614839884 50
75 0.30822231614839884 49
76 0.30822231614839884 48
77 0.30822231614839884 62
78 0.30822231614839884 86
79 0.30822231614839884 58
80 0.30822231614839884 52
81 0.30822231614839884 92
82 0.30822231614839884 61
83 0.30822231614839884 65
84 0.30822231614839884 64
85 0.30822231614839884 87
86 0.30822231614839884 76
87 0.30822231614839884 44
88 0.30822231614839884 92
89 0.30822231614839884 63
90 0.30822231614839884 88
91 0.30822231614839884 51
92 0.30822231614839884 65
93 0.30822231614839884 92
94 0.30822231614839884 41
95 0.30822231614839884 50
96 0.30822231614839884 91
97 0.30822231614839884 86
98 0.30822231614839884 92
99 0.30822231614839884 82
