0 0.30115753481675656 74
1 0.30115753481675656 75
2 0.30115753481675656 77
3 0.30115753481675656 69
4 0.30115753481675656 74
5 0.30115753481675656 99
6 0.30115753481675656 90
7 0.30115753481675656 83
8 0.30115753481675656 42
9 0.30115753481675656 55
10 0.30115753481675656 67
11 0.30115753481675656 40
12 0.30115753481675656 54
13 0.30115753481675656 95
14 0.30115753481675656 55
15 0.30115753481675656 47
16 0.30115753481675656 71
17 0.30115753481675656 80
18 0.30115753481675656 51
19 0.30115753481675656 60
20 0.30115753481675656 68
21 0.30115753481675656 82
22 0.30115753481675656 83
23 0.30115753481675656 98
24 0.30115753481675656 53
25 0.30115753481675656 50
26 0.30115753481675656 68
27 0.30115753481675656 80
28 0.30115753481675656 44
29 0.30115753481675656 68
30 0.30115753481675656 42
31 0.30115753481675656 42
32 0.30115753481675656 71
33 0.30115753481675656 68
34 0.30115753481675656 54
35 0.30115753481675656 40
36 0.30115753481675656 99
37 0.30115753481675656 67
38 0.30115753481675656 62
39 0.30115753481675656 83
40 0.30115753481675656 98
41 0.30115753481675656 87
42 0.30115753481675656 98
43 0.30115753481675656 58
44 0.30115753481675656 52
45 0.30115753481675656 98
46 0.30115753481675656 98
47 0.30115753481675656 56
48 0.30115753481675656 86
49 0.30115753481675656 84
50 0.30115753481675656 42
51 0.30115753481675656 82
52 0.30115753481675656 79
53 0.30115753481675656 78
54 0.30115753481675656 79
55 0.30115753481675656 77
56 0.30115753481675656 68
57 0.30115753481675656 89
58 0.30115753481675656 95
59 0.30115753481675656 90
60 0.30115753481675656 58
61 0.30115753481675656 51
62 0.30115753481675656 61
63 0.30115753481675656 75
64 0.30115753481675656 53
65 0.30115753481675656 47
66 0.30115753481675656 74
67 0.30115753481675656 83
68 0.30115753481675656 96
69 0.30115753481675656 92
70 0.30115753481675656 86
71 0.30115753481675656 53
72 0.30115753481675656 76
73 0.30115753481675656 80
74 0.30115753481675656 62
75 0.30115753481675656 72
76 0.30115753481675656 74
77 0.30115753481675656 48
78 0.30115753481675656 64
79 0.30115753481675656 94
80 0.30115753481675656 96
81 0.30115753481675656 75
82 0.30115753481675656 46
83 0.30115753481675656 68
84 0.30115753481675656 66
85 0.30115753481675656 92
86 0.30115753481675656 65
87 0.30115753481675656 59
88 0.30115753481675656 71
89 0.30115753481675656 78
90 0.30115753481675656 95
91 0.30115753481675656 44
92 0.30115753481675656 76
93 0.30115753481675656 96
94 0.30115753481675656 64
95 0.30115753481675656 75
96 0.30115753481675656 88
97 0.30115753481675656 49
98 0.30115753481675656 89
99 0.30115753481675656 40
