0 0.2716361835587975 46
1 0.2716361835587975 78
2 0.2716361835587975 61
3 0.2716361835587975 81
4 0.2716361835587975 40
5 0.2716361835587975 60
6 0.2716361835587975 81
7 0.2716361835587975 85
8 0.2716361835587975 88
9 0.2716361835587975 54
10 0.2716361835587975 49
11 0.2716361835587975 84
12 0.2716361835587975 42
13 0.2716361835587975 55
14 0.2716361835587975 96
15 0.2716361835587975 41
16 0.2716361835587975 88
17 0.2716361835587975 46
18 0.2716361835587975 97
19 0.2716361835587975 55
20 0.2716361835587975 52
21 0.2716361835587975 66
22 0.2716361835587975 44
23 0.2716361835587975 79
24 0.2716361835587975 81
25 0.2716361835587975 47
26 0.2716361835587975 82
27 0.2716361835587975 50
28 0.2716361835587975 83
29 0.2716361835587975 43
30 0.2716361835587975 54
31 0.2716361835587975 96
32 0.2716361835587975 41
33 0.2716361835587975 50
34 0.2716361835587975 73
35 0.2716361835587975 76
36 0.2716361835587975 60
37 0.2716361835587975 97
38 0.2716361835587975 65
39 0.2716361835587975 51
40 0.2716361835587975 52
41 0.2716361835587975 47
42 0.2716361835587975 63
43 0.2716361835587975 54
44 0.2716361835587975 50
45 0.2716361835587975 41
46 0.2716361835587975 66
47 0.2716361835587975 43
48 0.2716361835587975 56
49 0.2716361835587975 82
50 0.2716361835587975 88
51 0.2716361835587975 50
52 0.2716361835587975 67
53 0.2716361835587975 94
54 0.2716361835587975 54
55 0.2716361835587975 66
56 0.2716361835587975 51
57 0.2716361835587975 60
58 0.2716361835587975 44
59 0.2716361835587975 73
60 0.2716361835587975 77
61 0.2716361835587975 75
62 0.2716361835587975 49
63 0.2716361835587975 83
64 0.2716361835587975 71
65 0.2716361835587975 76
66 0.2716361835587975 85
67 0.2716361835587975 56
68 0.2716361835587975 83
69 0.2716361835587975 54
70 0.2716361835587975 76
71 0.2716361835587975 76
72 0.2716361835587975 100
73 0.2716361835587975 64
74 0.2716361835587975 87
75 0.2716361835587975 85
76 0.2716361835587975 86
77 0.2716361835587975 53
78 0.2716361835587975 71
79 0.2716361835587975 42
80 0.2716361835587975 62
81 0.2716361835587975 54
82 0.2716361835587975 83
83 0.2716361835587975 82
84 0.2716361835587975 86
85 0.2716361835587975 49
86 0.2716361835587975 52
87 0.2716361835587975 84
88 0.2716361835587975 40
89 0.2716361835587975 52
90 0.2716361835587975 98
91 0.2716361835587975 89
92 0.2716361835587975 72
93 0.2716361835587975 51
94 0.2716361835587975 49
95 0.2716361835587975 71
96 0.2716361835587975 80
97 0.2716361835587975 81
98 0.2716361835587975 82
99 0.2716361835587975 67
