0 0.04620481819289762 45
1 0.04620481819289762 53
2 0.04620481819289762 93
3 0.04620481819289762 61
4 0.04620481819289762 51
5 0.04620481819289762 92
6 0.04620481819289762 49
7 0.04620481819289762 71
8 0.04620481819289762 53
9 0.04620481819289762 94
10 0.04620481819289762 100
11 0.04620481819289762 49
12 0.04620481819289762 89
13 0.04620481819289762 46
14 0.04620481819289762 83
15 0.04620481819289762 93
16 0.04620481819289762 71
17 0.04620481819289762 41
18 0.04620481819289762 52
19 0.04620481819289762 63
20 0.04620481819289762 54
21 0.04620481819289762 53
22 0.04620481819289762 95
23 0.04620481819289762 89
24 0.04620481819289762 95
25 0.04620481819289762 77
26 0.04620481819289762 97
27 0.04620481819289762 90
28 0.04620481819289762 69
29 0.04620481819289762 50
30 0.04620481819289762 49
31 0.04620481819289762 72
32 0.04620481819289762 43
33 0.04620481819289762 85
34 0.04620481819289762 74
35 0.04620481819289762 58
36 0.04620481819289762 43
37 0.04620481819289762 77
38 0.04620481819289762 45
39 0.04620481819289762 83
40 0.04620481819289762 65
41 0.04620481819289762 89
42 0.04620481819289762 41
43 0.04620481819289762 83
44 0.04620481819289762 44
45 0.04620481819289762 61
46 0.04620481819289762 41
47 0.04620481819289762 72
48 0.04620481819289762 53
49 0.04620481819289762 42
50 0.04620481819289762 76
51 0.04620481819289762 55
52 0.04620481819289762 72
53 0.04620481819289762 46
54 0.04620481819289762 91
55 0.04620481819289762 44
56 0.04620481819289762 88
57 0.04620481819289762 46
58 0.04620481819289762 91
59 0.04620481819289762 42
60 0.04620481819289762 94
61 0.04620481819289762 91
62 0.04620481819289762 50
63 0.04620481819289762 62
64 0.04620481819289762 55
65 0.04620481819289762 76
66 0.04620481819289762 44
67 0.04620481819289762 45
68 0.04620481819289762 85
69 0.04620481819289762 95
70 0.04620481819289762 85
71 0.04620481819289762 51
72 0.04620481819289762 70
73 0.04620481819289762 74
74 0.04620481819289762 65
75 0.04620481819289762 49
76 0.04620481819289762 99
77 0.04620481819289762 58
78 0.04620481819289762 100
79 0.04620481819289762 90
80 0.04620481819289762 50
81 0.04620481819289762 89
82 0.04620481819289762 73
83 0.04620481819289762 96
84 0.04620481819289762 55
85 0.04620481819289762 68
86 0.04620481819289762 69
87 0.04620481819289762 57
88 0.04620481819289762 100
89 0.04620481819289762 61
90 0.04620481819289762 56
91 0.04620481819289762 67
92 0.04620481819289762 68
93 0.04620481819289762 100
94 0.04620481819289762 53
95 0.04620481819289762 92
96 0.04620481819289762 82
97 0.04620481819289762 47
98 0.04620481819289762 51
99 0.04620481819289762 52
