0 0.07277914728314942 60
1 0.07277914728314942 98
2 0.07277914728314942 96
3 0.07277914728314942 45
4 0.07277914728314942 53
5 0.07277914728314942 87
6 0.07277914728314942 79
7 0.07277914728314942 83
8 0.07277914728314942 97
9 0.07277914728314942 41
10 0.07277914728314942 61
11 0.07277914728314942 52
12 0.07277914728314942 41
13 0.07277914728314942 70
14 0.07277914728314942 41
15 0.07277914728314942 84
16 0.07277914728314942 91
17 0.07277914728314942 48
18 0.07277914728314942 62
19 0.07277914728314942 88
20 0.07277914728314942 79
21 0.07277914728314942 65
22 0.07277914728314942 74
23 0.07277914728314942 56
24 0.07277914728314942 50
25 0.07277914728314942 45
26 0.07277914728314942 63
27 0.07277914728314942 47
28 0.07277914728314942 73
29 0.07277914728314942 97
30 0.07277914728314942 82
31 0.07277914728314942 41
32 0.07277914728314942 74
33 0.07277914728314942 53
34 0.07277914728314942 88
35 0.07277914728314942 63
36 0.07277914728314942 80
37 0.07277914728314942 42
38 0.07277914728314942 54
39 0.07277914728314942 76
40 0.07277914728314942 78
41 0.07277914728314942 81
42 0.07277914728314942 51
43 0.07277914728314942 84
44 0.07277914728314942 92
45 0.07277914728314942 77
46 0.07277914728314942 63
47 0.07277914728314942 62
48 0.07277914728314942 67
49 0.07277914728314942 97
50 0.07277914728314942 59
51 0.07277914728314942 86
52 0.07277914728314942 54
53 0.07277914728314942 72
54 0.07277914728314942 60
55 0.07277914728314942 44
56 0.07277914728314942 99
57 0.07277914728314942 47
58 0.07277914728314942 55
59 0.07277914728314942 50
60 0.07277914728314942 85
61 0.07277914728314942 70
62 0.07277914728314942 56
63 0.07277914728314942 81
64 0.07277914728314942 49
65 0.07277914728314942 72
66 0.07277914728314942 62
67 0.07277914728314942 67
68 0.07277914728314942 87
69 0.07277914728314942 56
70 0.07277914728314942 77
71 0.07277914728314942 73
72 0.07277914728314942 80
73 0.07277914728314942 85
74 0.07277914728314942 47
75 0.07277914728314942 79
76 0.07277914728314942 52
77 0.07277914728314942 66
78 0.07277914728314942 72
79 0.07277914728314942 82
80 0.07277914728314942 49
81 0.07277914728314942 57
82 0.07277914728314942 59
83 0.07277914728314942 51
84 0.07277914728314942 60
85 0.07277914728314942 89
86 0.07277914728314942 77
87 0.07277914728314942 89
88 0.07277914728314942 55
89 0.07277914728314942 93
90 0.07277914728314942 74
91 0.07277914728314942 88
92 0.07277914728314942 95
93 0.07277914728314942 81
94 0.07277914728314942 94
95 0.07277914728314942 100
96 0.07277914728314942 74
97 0.07277914728314942 74
98 0.07277914728314942 59
99 0.07277914728314942 93
